lim gs
   0    -8.664
   0    -8.551
   0    -9.942
   0    -9.571
   0    -9.428
   0    -9.079
   0    -8.461
   0    -9.237
   0   -10.260
   0    -8.798
   0    -9.829
   0    -8.718
   0   -10.118
   0   -10.749
   0    -8.666
   0    -9.478
   0    -9.857
   0   -10.201
   0    -8.781
   0    -9.072
   0   -10.252
   0   -10.346
   0    -8.626
   0    -8.590
   0    -8.991
   0    -9.019
   0    -8.129
   0    -8.747
   0   -10.530
   0   -10.424
   0   -10.152
   0    -9.986
   0    -9.985
   0   -10.020
   0    -9.351
   0    -9.104
   0    -8.815
   0    -9.055
   0    -8.302
   0    -9.075
   0    -8.463
   0    -9.346
   0    -8.854
   0   -10.041
   0    -9.662
   0    -9.412
   0    -8.710
   0    -8.267
   0    -8.817
   0    -8.973
   0    -8.670
   0    -9.430
   0    -9.202
   0    -9.144
   0    -8.589
   0    -9.304
   0    -8.590
   0    -9.316
   0    -9.708
   0    -8.699
   0    -8.587
   0    -9.747
   0    -9.915
   0    -8.755
   0    -8.523
   0   -11.275
   0    -9.343
   0   -10.296
   0   -10.048
   0    -9.042
   0    -8.998
   0    -9.802
   0    -9.373
   0    -9.030
   0   -10.123
   0    -9.030
   0    -9.865
   0    -9.700
   0   -10.046
   0    -9.035
   0    -9.403
   0    -8.931
   0   -10.054
   0   -10.065
   0    -9.723
   0    -9.118
   0   -10.273
   0   -10.581
   0   -10.299
   0    -9.851
   0   -10.020
   0    -9.151
   0    -8.627
   0   -10.624
   0    -8.621
   0    -9.727
   0    -9.286
   0    -9.882
   0    -9.757
   0    -9.381
   0    -9.027
   0   -10.382
   0    -8.952
   0    -9.835
   0    -9.132
   0    -8.962
   0    -8.858
   0    -9.044
   0   -10.074
   0    -9.186
   0    -8.825
   0    -8.657
   0    -8.672
   0   -10.227
   0    -8.872
   0   -10.033
   0    -9.265
   0    -9.077
   0    -8.560
   0    -8.339
   0    -9.659
   0    -9.720
   0    -9.375
   0   -10.433
   0    -9.445
   0    -8.565
   0    -8.402
   0    -9.754
   0    -9.225
   0    -9.972
   0    -9.997
   0    -9.924
   0    -9.709
   0    -9.709
   0    -9.276
   0    -9.178
   0    -9.276
   0    -8.898
   0   -10.191
   0   -10.243
   0    -9.196
   0    -8.588
   0   -10.164
   0    -8.755
   0    -9.565
   0    -8.630
   0    -9.487
   0    -8.231
   0    -8.573
   0    -8.973
   0    -9.422
   0    -8.824
   0    -9.445
   0    -9.791
   0    -9.217
   0    -8.767
   0    -9.291
   0    -8.653
   0    -9.279
   0    -8.909
   0   -10.192
   0    -9.057
   0    -9.242
   0    -9.317
   0    -9.025
   0    -9.072
   0    -9.414
   0    -9.434
   0    -8.961
   0    -8.979
   0    -9.181
   0    -9.059
   0    -9.774
   0    -8.729
   0    -9.259
   0    -8.862
   0    -9.654
   0    -8.983
   0    -8.143
   0    -9.319
   0    -9.270
   0    -9.818
   0   -10.073
   0    -8.974
   0    -8.874
   0    -9.130
   0    -9.390
   0    -8.848
   0    -8.840
   0    -9.137
   0    -8.716
   0    -8.585
   0    -9.471
   0    -9.697
   0   -10.342
   0    -9.050
   0    -9.452
   0   -10.283
   0    -9.541
   0    -8.806
   0    -8.025
   0    -9.730
   0    -9.922
   0    -8.419
   0    -8.419
   0    -8.901
   0    -8.506
   0    -9.558
   0    -8.976
   0    -9.042
   0    -8.846
   0    -8.470
   0    -9.482
   0    -9.206
   0    -9.305
   0   -10.209
   0    -9.393
   0    -8.944
   0    -8.715
   0    -9.440
   0    -9.948
   0   -10.305
   0   -10.108
   0    -9.757
   0    -8.851
   0    -8.538
   0    -9.198
   0   -10.598
   0    -9.866
   0    -9.761
   0    -8.424
   0    -9.037
   0    -9.464
   0    -9.614
   0   -10.438
   0    -8.532
   0    -8.375
   0    -9.856
   0   -10.222
   0    -9.941
   0    -9.946
   0    -9.400
   0    -8.127
   0    -8.559
   0    -9.186
   0    -9.034
   0    -9.014
   0    -8.955
   0    -9.217
   0    -9.125
   0    -9.954
   0   -10.009
   0    -9.744
   0   -10.011
   0   -10.018
   0    -9.532
   0   -10.063
   0    -9.044
   0    -9.908
   0    -9.558
   0    -9.328
   0   -10.016
   0    -9.367
   0    -9.300
   0    -8.654
   0    -9.106
   0    -8.321
   0    -9.236
   0    -8.566
   0    -9.516
   0    -9.814
   0    -9.278
   0    -8.422
   0    -9.034
   0    -8.794
   0    -8.759
   0    -9.862
   0   -10.071
   0    -9.058
   0   -10.131
   0    -9.518
   0    -9.138
   0    -8.241
   0    -9.068
   0    -9.604
   0    -9.717
   0   -10.140
   0   -11.254
   0   -10.547
   0    -9.257
   0    -8.439
   0    -9.578
   0    -9.162
   0    -9.870
   0    -9.350
   0    -9.007
   0    -8.622
   0    -9.136
   0    -9.347
   0    -9.231
   0    -8.468
   0    -9.456
   0    -8.835
   0    -9.657
   0    -9.683
   0    -9.951
   0   -10.195
   0   -10.181
   0    -9.498
   0    -9.194
   0    -9.543
   0   -10.195
   0   -10.208
   0   -10.106
   0    -9.941
   0    -8.438
   0    -9.231
   0    -8.784
   0    -8.917
   0   -10.007
   0    -9.806
   0   -11.019
   0   -10.294
   0    -9.242
   0    -8.746
   0    -9.131
   0    -9.717
   0   -10.342
   0    -8.677
   0    -8.647
   0    -8.907
   0    -9.862
   0    -9.125
   0    -9.266
   0    -9.299
   0   -10.277
   0    -8.893
   0    -8.634
   0    -9.073
   0    -8.645
   0    -9.315
   0    -9.711
   0   -10.038
   0    -9.681
   0    -9.859
   0    -9.900
   0    -8.834
   0    -9.253
   0   -10.044
   0    -8.740
   0    -9.575
   0    -9.359
   0    -9.190
   0    -8.486
   0    -9.835
   0    -9.461
   0    -8.788
   0   -10.011
   0    -8.322
   0    -8.984
   0    -7.730
   0    -9.137
   0    -8.964
   0    -9.512
   0    -9.130
   0   -10.113
   0    -8.390
   0    -9.272
   0    -9.109
   0    -9.913
   0    -9.295
   0    -9.553
   0    -8.825
   0    -9.354
   0   -10.074
   0    -8.917
   0    -9.572
   0    -9.367
   0    -9.598
   0    -9.420
   0    -8.750
   0    -9.621
   0    -8.588
   0    -9.830
   0   -11.062
   0    -9.152
   0    -9.139
   0    -9.320
   0    -9.249
   0    -9.964
   0    -8.669
   0    -9.443
   0    -9.806
   0    -8.953
   0    -8.283
   0    -9.602
   0    -9.999
   0    -9.451
   0    -8.958
   0    -9.839
   0    -9.839
   0    -9.839
   0    -8.737
   0   -10.169
   0   -10.883
   0   -10.100
   0   -10.314
   0    -9.620
   0    -8.972
   0    -9.656
   0    -9.492
   0    -9.652
   0    -9.062
   0    -8.610
   0    -9.680
   0    -9.540
   0    -9.910
   0    -8.940
   0    -9.662
   0    -9.458
   0    -9.288
   0    -9.006
   0    -8.842
   0    -9.035
   0    -9.530
   0    -9.719
   0    -8.833
   0    -9.323
   0    -9.416
   0    -9.784
   0    -9.314
   0    -9.769
   0    -8.923
   0    -9.596
   0    -9.041
   0   -10.012
   0    -8.885
   0    -9.416
   0    -9.139
   0    -8.589
   0    -8.828
   0    -9.054
   0    -8.969
   0    -9.263
   0    -8.829
   0    -9.039
   0    -8.504
   0   -10.181
   0   -10.084
   0    -9.567
   0    -9.262
   0    -9.196
   0    -8.987
   0    -8.407
   0    -9.116
   0    -8.770
   0    -9.082
   0    -9.692
   0    -9.169
   0    -9.017
   0    -9.283
   0    -8.172
   0    -9.409
   0    -8.708
   0    -8.470
   0    -8.567
   0    -8.605
   0   -10.508
   0    -9.598
   0    -8.301
   0   -10.050
   0    -8.737
   0   -10.637
   0   -10.096
   0    -9.768
   0    -9.820
   0    -9.717
   0    -9.423
   0    -8.993
   0    -8.737
   0    -9.551
   0    -9.780
   0    -8.992
   0    -9.121
   0   -10.270
   0    -9.368
   0    -8.289
   0    -8.851
   0   -10.823
   0    -8.673
   0    -9.825
   0    -9.188
   0    -9.272
   0    -9.837
   0    -8.393
   0    -8.697
   0    -8.647
   0    -9.182
   0    -9.858
   0    -9.037
   0   -10.160
   0    -8.529
   0   -11.123
   0    -9.164
   0    -8.818
   0    -9.464
   0    -9.849
   0    -8.789
   0    -9.194
   0    -9.050
   0    -8.874
   0   -10.118
   0    -8.333
   0    -9.943
   0    -9.189
   0    -9.611
   0   -10.082
   0    -9.554
   0    -8.196
   0    -9.601
   0    -9.899
   0    -8.575
   0    -9.306
   0    -9.464
   0    -9.540
   0    -9.491
   0    -9.784
   0    -9.912
   0    -8.524
   0   -10.150
   0    -8.892
   0    -8.224
   0    -9.601
   0   -10.147
   0    -9.805
   0    -9.243
   0    -8.756
   0    -9.554
   0   -10.218
   0    -8.365
   0   -10.284
   0   -10.112
   0    -8.792
   0    -9.529
   0    -8.495
   0    -8.646
   0    -8.561
   0    -8.399
   0    -8.957
   0   -10.049
   0    -9.593
   0    -9.456
   0   -10.017
   0    -9.033
   0    -9.025
   0    -9.220
   0    -9.325
   0   -10.176
   0    -9.147
   0    -9.931
   0    -9.393
   0    -9.399
   0    -9.595
   0   -10.360
   0    -9.535
   0    -9.902
   0    -9.030
   0    -8.544
   0    -7.801
   0    -9.045
   0    -9.625
   0    -8.631
   0    -8.225
   0    -9.440
   0    -9.160
   0   -10.117
   0    -8.648
   0    -9.888
   0    -9.431
   0   -10.047
   0    -9.120
   0    -8.840
   0    -9.547
   0   -10.446
   0    -8.795
   0    -9.525
   0    -9.673
   0    -9.310
   0    -9.295
   0    -8.919
   0    -9.890
   0   -10.487
   0    -8.223
   0    -9.954
   0    -9.472
   0   -10.075
   0    -9.417
   0    -8.657
   0    -9.321
   0    -9.945
   0    -9.967
   0    -8.279
   0    -8.803
   0    -9.658
   0    -8.712
   0    -9.191
   0    -8.830
   0   -10.073
   0    -9.658
   0    -8.767
   0   -10.685
   0    -8.683
   0    -8.810
   0    -9.573
   0    -9.357
   0    -7.885
   0    -8.634
   0    -9.487
   0   -10.160
   0   -10.002
   0    -8.816
   0    -9.691
   0    -9.012
   0    -9.671
   0    -9.697
   0    -9.429
   0    -9.272
   0    -9.796
   0   -10.126
   0    -9.649
   0    -8.532
   0    -8.688
   0    -9.896
   0    -8.985
   0    -9.735
   0    -9.439
   0   -10.192
   0    -9.386
   0   -10.086
   0    -9.513
   0    -8.951
   0    -9.633
   0    -9.793
   0    -9.665
   0    -9.795
   0   -10.243
   0    -9.169
   0   -10.079
   0    -8.960
   0   -10.163
   0    -9.946
   0    -9.502
   0    -9.525
   0    -9.870
   0    -9.382
   0    -8.590
   0    -9.301
   0   -10.023
   0    -9.019
   0    -8.812
   0    -8.908
   0    -8.532
   0    -8.423
   0    -9.092
   0    -8.457
   0    -9.821
   0    -8.192
   0    -9.654
   0   -10.009
   0    -9.282
   0    -9.805
   0    -9.617
   0    -9.528
   0    -9.809
   0    -9.370
   0    -9.544
   0    -8.533
   0    -8.811
   0    -8.264
   0    -8.829
   0    -8.202
   0    -9.614
   0    -8.820
   0    -8.989
   0    -9.364
   0    -9.354
   0    -8.581
   0    -9.699
   0    -8.334
   0    -9.912
   0    -8.706
   0    -8.331
   0    -9.221
   0    -9.318
   0    -8.434
   0    -8.883
   0    -9.524
   0    -9.515
   0    -9.639
   0    -9.796
   0    -8.537
   0    -8.537
   0    -8.537
   0    -9.674
   0    -8.886
   0    -9.709
   0    -9.548
   0    -9.505
   0    -9.639
   0    -9.406
   0   -10.164
   0    -9.045
   0    -9.625
   0    -8.964
   0   -10.158
   0    -9.738
   0    -9.018
   0    -9.696
   0    -8.536
   0   -10.179
   0    -7.824
   0    -8.713
   0    -8.455
   0    -8.573
   0    -9.491
   0    -8.590
   0    -9.669
   0    -8.775
   0    -9.371
   0    -8.815
   0   -10.100
   0    -8.955
   0    -8.813
   0    -9.895
   0    -9.693
   0    -9.350
   0    -9.697
   0   -10.091
   0    -8.580
   0    -9.613
   0    -8.384
   0    -7.999
   0    -9.491
   0    -9.671
   0    -9.201
   0    -9.676
   0    -9.600
   0    -9.354
   0    -9.605
   0   -10.148
   0    -9.819
   0   -10.084
   0    -8.918
   0    -9.528
   0    -9.302
   0    -8.662
   0    -9.142
   0    -9.821
   0    -9.474
   0    -9.010
   0    -8.648
   0    -9.793
   0   -10.138
   0    -9.924
   0    -8.789
   0    -9.454
   0   -10.101
   0    -8.924
   0    -8.479
   0    -9.264
   0    -9.531
   0    -8.621
   0    -8.979
   0    -7.889
   0    -9.805
   0    -9.202
   0    -8.049
   0    -9.075
   0    -9.191
   0    -9.807
   0    -8.066
   0    -9.864
   0    -8.250
   0    -9.237
   0    -9.944
   0    -8.513
   0    -9.474
   0    -8.543
   0    -7.946
   0    -9.434
   0    -9.319
   0    -9.374
   0    -8.662
   0    -9.029
   0    -8.068
   0    -9.152
   0    -9.871
   0    -9.111
   0    -9.561
   0    -8.844
   0    -8.825
   0    -8.376
   0    -9.191
   0    -8.506
   0    -8.264
   0    -8.649
   0    -9.651
   0    -9.122
   0    -9.316
   0    -9.326
   0    -7.788
   0    -8.893
   0    -8.641
   0    -8.835
   0    -8.632
   0    -8.632
   0    -9.858
   0    -9.189
   0    -8.136
   0    -8.845
   0    -9.565
   0    -8.896
   0    -9.577
   0    -9.121
   0    -9.817
   0    -8.853
   0    -8.965
   0    -9.186
   0    -9.294
   0    -8.295
   0    -7.833
   0    -8.486
   0    -7.907
   0    -9.935
   0    -9.135
   0    -8.782
   0    -9.435
   0    -8.479
   0    -8.479
   0    -8.360
   0    -8.935
   0    -8.254
   0    -8.812
   0    -9.026
   0    -9.361
   0    -8.526
   0    -8.268
   0    -9.526
   0    -7.949
   0    -8.921
   0    -8.908
   0    -8.287
   0    -9.346
   0    -8.560
   0    -7.510
   0    -8.083
   0    -7.778
   0    -8.781
   0    -9.445
   0    -7.996
   0    -7.746
   0    -7.568
   0    -8.109
   0    -9.174
   0    -9.291
